0  0  0  0  0  0  0  0  0  0  0  0  0  0  0  0  0  0  0  0  0  0  0  0  0  0  0  0  0  0  0  0  0  0  0  0  0  0  0  0  0  0  0  0  0  0  0  0  0  0  
0  0  0  0  0  0  0  0  0  0  0  0  0  0  0  0  0  0  0  0  0  0  0  0  0  0  0  0  0  0  0  0  0  0  0  0  0  0  0  0  0  0  0  0  0  0  0  0  0  0  
0  0  0  0  0  0  0  0  0  0  0  0  0  0  0  0  0  0  0  0  1  0  0  0  0  0  0  1  0  0  0  0  0  4  2  7  9  1  10  3  0  0  0  0  0  0  0  0  0  0  
0  0  0  0  0  0  0  0  0  2  1  0  2  0  1  0  0  0  0  2  1  1  5  1  0  0  0  3  0  0  6  11  1  23  21  20  1  22  15  1  1  1  1  0  1  1  1  1  0  0  
0  0  0  0  0  0  1  1  9  1  9  6  4  4  4  2  0  0  1  2  7  9  7  18  9  3  2  5  0  0  22  54  52  50  87  1  9  0  0  5  1  1  2  2  1  0  0  0  0  0  
0  0  0  0  2  1  1  0  3  18  1  23  18  25  16  4  0  0  0  8  1  16  20  26  1  3  2  2  1  0  40  69  69  78  96  24  0  0  0  3  5  5  1  0  0  0  0  0  0  0  
0  0  0  2  1  1  2  2  1  14  39  77  74  77  42  6  0  0  0  3  8  1  48  46  34  12  1  1  1  0  43  82  1  89  65  12  1  0  0  0  0  0  1  1  1  0  0  0  0  0  
1  2  2  1  3  2  1  1  2  1  2  40  102  100  69  5  0  0  0  0  1  19  35  46  39  1  1  0  0  0  59  81  96  54  8  1  0  0  0  0  0  0  0  0  0  0  0  0  0  0  
0  0  0  0  0  0  0  0  0  0  0  0  0  110  70  0  0  0  0  0  0  0  0  56  30  0  0  0  0  0  0  96  83  0  0  0  0  0  0  0  0  0  0  0  0  0  0  0  0  0  
0  0  9  27  34  36  47  42  49  53  90  75  100  104  64  52  40  47  58  71  59  80  98  74  56  70  72  59  64  123  81  70  81  55  51  44  32  25  14  9  5  13  0  0  0  0  0  0  0  0  
0  0  33  63  90  97  1  1  1  109  112  118  109  87  97  88  95  83  77  95  90  92  65  92  91  85  93  113  120  1  97  97  60  78  72  70  68  47  54  30  33  22  9  0  0  0  0  0  0  0  
0  1  1  159  126  109  100  95  118  101  107  94  63  44  39  89  68  95  99  75  57  68  113  50  40  52  39  46  23  1  42  40  51  50  53  56  104  88  81  62  25  12  8  0  0  0  0  0  0  0  
0  0  200  172  129  102  105  152  97  85  86  31  6  13  32  20  3  13  24  6  1  1  1  3  2  20  36  17  15  39  10  2  10  1  1  35  32  51  43  68  64  44  1  7  1  0  0  0  0  0  
0  0  89  110  139  119  91  36  60  58  6  2  1  0  3  1  0  1  0  1  2  0  2  2  3  2  1  1  4  0  1  0  0  4  6  10  13  19  27  37  66  72  75  23  6  0  0  0  0  0  
0  0  25  25  35  21  5  64  40  28  1  0  0  0  0  0  0  0  0  0  6  8  2  1  1  2  2  2  2  4  4  3  2  1  10  3  5  3  2  15  19  42  76  82  20  0  0  0  0  0  
0  0  0  0  0  1  0  0  54  19  14  0  0  0  0  0  0  0  0  0  0  0  0  0  0  0  0  0  0  0  0  0  0  0  0  0  0  0  0  0  0  0  0  93  61  0  0  0  0  0  
0  0  0  0  0  2  1  8  26  24  32  9  3  0  0  0  0  0  0  0  0  0  0  0  0  0  0  0  0  0  0  0  7  19  7  7  6  9  12  39  40  44  63  77  63  17  1  0  0  0  
0  0  0  0  3  3  13  25  23  1  1  35  0  4  0  0  0  0  0  0  0  0  0  0  0  0  0  0  0  0  0  1  21  35  41  46  1  1  50  1  1  1  1  74  63  36  8  0  0  0  
0  0  0  0  0  13  6  20  31  4  2  10  33  8  5  4  0  0  0  0  0  0  0  0  0  0  0  0  0  0  0  6  25  38  1  45  37  1  45  26  1  28  59  68  1  32  25  0  0  0  
0  0  0  0  0  7  20  14  10  0  2  1  11  33  16  10  0  1  1  1  0  0  0  0  0  0  0  0  0  0  2  32  47  1  1  1  25  33  34  36  44  70  76  59  27  30  24  5  0  0  
0  0  0  0  0  1  22  3  3  1  0  0  0  14  27  23  5  2  2  0  1  1  1  1  0  0  0  0  0  0  1  23  7  8  8  8  40  49  1  54  93  1  1  1  1  46  16  1  0  0  
0  0  0  0  0  5  12  14  1  0  0  0  0  0  11  28  33  1  4  1  0  0  0  0  0  0  0  0  0  0  8  5  10  1  23  25  25  36  1  1  31  37  16  50  55  1  12  2  0  0  
0  0  0  0  0  0  8  16  0  0  0  0  0  1  6  25  25  38  16  0  0  0  0  0  0  0  0  0  0  0  6  1  12  23  25  42  39  27  1  10  44  56  53  33  20  1  7  1  0  0  
0  0  0  0  4  10  17  12  12  2  0  0  0  1  0  11  18  6  13  2  2  0  0  0  0  0  0  0  0  0  0  5  24  20  34  1  25  15  1  16  39  50  1  24  10  1  12  1  0  0  
0  0  0  2  1  23  14  1  15  1  0  0  0  0  3  23  10  17  6  2  11  1  0  0  0  0  0  0  0  0  0  1  10  43  25  1  1  26  1  40  25  32  1  11  10  1  12  5  0  0  
0  0  0  1  4  1  4  3  12  2  0  0  0  0  4  8  31  0  8  1  3  12  1  1  0  0  0  0  0  0  2  12  17  12  1  1  1  24  56  34  1  13  1  15  8  1  42  13  0  0  
0  0  0  4  5  1  3  2  12  24  1  0  0  0  1  5  11  12  8  1  1  4  7  1  1  0  0  0  0  0  6  10  19  1  1  17  27  32  1  13  21  10  2  25  8  1  35  2  0  0  
0  0  4  5  1  0  5  1  0  20  1  0  0  0  2  12  2  1  7  6  0  2  8  0  0  0  0  0  0  0  3  2  10  1  10  14  29  38  11  15  3  12  9  10  1  3  6  1  0  0  
0  0  7  3  2  7  0  1  1  3  1  0  0  0  3  8  4  1  2  7  2  1  2  3  0  0  0  0  0  3  3  5  2  1  16  42  45  17  22  1  1  9  15  5  1  2  12  1  0  0  
0  0  2  7  1  9  2  3  1  2  0  0  0  0  3  6  5  2  0  0  9  1  3  1  0  0  0  0  0  0  7  1  3  1  12  36  1  4  3  23  5  13  11  1  1  10  3  1  0  0  
0  0  2  2  1  4  3  4  0  2  0  0  0  0  1  5  9  1  1  0  0  9  14  3  0  0  0  0  0  0  17  16  3  1  1  25  1  1  6  29  19  1  14  9  7  1  2  0  0  0  
0  0  0  0  3  4  1  3  2  1  0  0  0  0  0  7  0  10  0  0  0  0  0  17  1  0  0  0  0  0  9  7  7  9  9  32  3  17  10  1  2  1  20  1  2  1  2  0  0  0  
0  0  0  0  1  1  14  15  5  2  0  0  0  0  13  0  0  1  11  0  0  0  13  13  6  0  0  0  0  0  1  0  7  10  18  18  28  3  10  1  2  4  13  19  1  1  2  0  0  0  
0  0  0  0  0  1  9  31  6  1  0  0  0  14  0  0  0  0  1  10  0  6  1  12  8  5  1  0  0  0  0  7  1  1  20  18  2  2  3  6  4  13  6  20  2  1  1  1  0  0  
0  0  0  0  0  1  14  1  1  0  0  0  8  1  0  0  0  0  0  7  0  6  1  3  7  1  5  0  0  0  3  1  5  15  14  4  5  1  6  1  1  14  7  1  10  1  0  1  0  0  
0  0  0  0  0  2  1  5  0  0  0  0  7  0  0  0  0  0  0  7  0  5  0  10  6  0  6  1  0  2  5  3  5  11  20  6  7  5  2  0  1  6  4  2  3  2  0  1  0  0  
0  0  0  0  0  3  0  4  0  0  0  0  6  1  0  0  0  1  3  4  0  1  4  1  3  13  0  2  0  5  2  1  10  14  1  1  1  11  1  0  1  1  7  3  1  4  0  0  0  0  
0  0  0  0  0  0  5  4  0  0  0  0  7  0  0  0  0  0  0  6  0  0  3  1  1  0  4  1  0  1  7  19  20  11  1  1  7  3  4  0  1  6  0  3  1  0  4  0  0  0  
0  0  0  0  0  2  3  5  0  0  0  0  6  1  2  2  0  1  7  4  0  0  2  1  1  2  2  0  0  0  13  1  2  19  17  0  1  6  1  0  1  16  3  1  0  6  1  0  0  0  
0  0  0  0  2  3  3  0  4  0  0  0  5  0  0  0  0  0  0  7  0  0  0  2  1  1  2  0  0  4  10  1  3  1  7  1  1  7  4  1  1  1  18  0  2  6  1  0  0  0  
0  0  0  0  3  0  2  5  1  1  0  0  2  3  1  0  2  1  1  3  0  0  1  0  12  3  1  0  0  1  7  12  4  3  12  2  10  2  4  3  2  0  3  3  5  0  2  0  0  0  
0  0  0  1  1  0  0  2  1  1  0  0  4  0  0  0  0  0  0  3  0  0  1  10  5  0  1  0  0  1  3  1  8  2  11  2  4  1  2  4  1  1  0  5  1  2  3  0  0  0  
0  0  0  1  1  0  1  1  0  2  0  0  2  2  1  0  0  1  2  1  0  0  0  2  1  1  0  0  0  0  1  4  1  3  1  3  1  1  1  3  1  3  0  2  2  1  2  0  0  0  
0  0  0  0  1  0  0  1  0  2  0  0  10  0  0  0  0  0  0  2  0  0  0  1  1  1  0  0  0  0  1  1  5  1  1  2  1  6  1  2  3  0  2  0  3  2  1  1  0  0  
0  0  0  0  1  0  0  1  0  1  0  0  13  10  1  0  0  1  2  1  0  0  0  1  0  1  0  0  0  0  1  2  6  3  1  2  1  2  8  1  0  1  1  0  2  1  0  1  0  0  
0  0  0  0  1  0  0  0  0  1  0  0  2  0  0  0  0  0  0  1  0  0  0  1  0  0  0  0  0  0  0  2  1  1  0  0  4  1  1  1  0  1  0  1  1  1  0  1  0  0  
0  0  0  0  0  0  0  0  0  0  0  0  1  1  1  1  0  0  1  0  0  0  0  0  0  0  0  0  0  0  0  0  1  0  0  0  1  0  1  0  1  1  0  0  1  1  0  0  0  0  
0  0  0  0  0  0  0  0  0  0  0  0  1  2  0  0  0  0  0  0  0  0  0  0  0  0  0  0  0  0  0  0  1  0  0  0  1  0  0  0  1  0  0  0  1  0  0  0  0  0  
0  0  0  0  0  0  0  0  0  0  0  0  0  0  0  0  0  0  0  0  0  0  0  0  0  0  0  0  0  0  0  0  0  0  0  0  0  0  0  0  0  0  0  0  0  0  0  0  0  0  
0  0  0  0  0  0  0  0  0  0  0  0  0  0  0  0  0  0  0  0  0  0  0  0  0  0  0  0  0  0  0  0  0  0  0  0  0  0  0  0  0  0  0  0  0  0  0  0  0  0  
